20130101
20130102
20130103
20130209
20130210
20130211
20130212
20130213
20130214
20130215
20130404
20130405
20130406
20130429
20130430
20130501
20130610
20130611
20130612
20130919
20130920
20130921
20131001
20131002
20131003
20131004
20131005
20131006
20131007
20140101
20140131
20140201
20140202
20140203
20140204
20140205
20140206
20140405
20140406
20140407
20140501
20140502
20140503
20140531
20140601
20140602
20140906
20140907
20140908
20141001
20141002
20141003
20141004
20141005
20141006
20141007
20150101
20150102
20150103
20150218
20150219
20150220
20150221
20150222
20150223
20150224
20150404
20150405
20150406
20150501
20150502
20150503
20150620
20150621
20150622
20150903
20150904
20150905
20150926
20150927
20151001
20151002
20151003
20151004
20151005
20151006
20151007
20160101
20160102
20160103
20160207
20160208
20160209
20160210
20160211
20160212
20160213
20160402
20160403
20160404
20160430
20160501
20160502
20160609
20160610
20160611
20160915
20160916
20160917
20161001
20161002
20161003
20161004
20161005
20161006
20161007
20161231
20170101
20170102
20170127
20170128
20170129
20170130
20170131
20170201
20170202
20170402
20170403
20170404
20170429
20170430
20170501
20170528
20170529
20170530
20171001
20171002
20171003
20171004
20171005
20171006
20171007
20171008
20171230
20171231
20180101
20180215
20180216
20180217
20180218
20180219
20180220
20180221
20180405
20180406
20180407
20180429
20180430
20180501
20180616
20180617
20180618
20180922
20180923
20180924
20181001
20181002
20181003
20181004
20181005
20181006
20181007
20181230
20181231
20190101
20190204
20190205
20190206
20190207
20190208
20190209
20190210
20190405
20190406
20190407
20190501
20190502
20190503
20190504
20190607
20190608
20190609
20190913
20190914
20190915
20191001
20191002
20191003
20191004
20191005
20191006
20191007
