20180101
20180215
20180216
20180217
20180218
20180219
20180220
20180221
20180405
20180406
20180407
20180429
20180430
20180501
20180616
20180617
20180618
20180922
20180923
20180924
20181001
20181002
20181003
20181004
20181005
20181006
20181007
20181230
20181231
20190101
20190204
20190205
20190206
20190207
20190208
20190209
20190210
20190405
20190406
20190407
20190501
20190502
20190503
20190504
20190607
20190608
20190609
20190913
20190914
20190915
20191001
20191002
20191003
20191004
20191005
20191006
20191007
